p:
0.0
2.24721241960773E-4
7.978241300951205E-4
6.888416291211299E-4
4.645107782628377E-4
4.549729043937458E-4
3.625231299075688E-4
5.270862804964301E-4
4.5535415077563264E-4
5.308589744574552E-4
7.237325249196524E-4
6.269225776941521E-4
9.398627599571668E-4
1.935400457188562E-4
3.7047857623725176E-5
4.50494604381033E-6
1.8033035290042E-4
7.587595809076382E-4
9.182688967844472E-4
2.9296305678136664E-4
8.2019041527623E-4
3.2613401270821074E-4
2.2070081301201936E-4
8.125260538214385E-4
4.327968228597802E-4
2.0467621736839064E-4
6.491290235473077E-4
3.009957341352923E-4
6.344123452148742E-4
8.613736548317519E-4
5.47617961441172E-4
5.358233854329711E-4
2.1818852959139238E-4
6.288933044885955E-4
1.9978504821026275E-4
5.718429620954876E-4
9.079518967619965E-4
8.598693112904544E-4
3.5197042709595166E-4
7.942473283976806E-4
6.873545288025166E-4
6.254391863706825E-4
9.689946424894757E-4
4.925818243421606E-4
2.5463987293833903E-5
3.891586128264329E-4
2.8451958694132953E-4
1.8110584565431595E-4
2.6001048202501807E-4
4.3148037378076706E-4
2.120795770895042E-4
4.0015870287332645E-4
3.262163326953057E-4
7.85934767243199E-4
2.2920975688867207E-4
3.3359325881956935E-5
9.845483354048064E-4
7.534289627425005E-4
7.900498706384227E-4
3.1703027211223E-4
9.407484215105887E-4
6.941747488582391E-4
7.869209538305692E-4
3.460907885636729E-4
3.418605131327996E-4
5.458911944203837E-4
7.475278196801156E-4
9.176361860591046E-4
1.0083569532460858E-4
8.789783554745291E-4
2.0895597028458167E-4
3.5969691531668015E-4
7.501118813896165E-4
5.230345270039371E-4
9.379207206621134E-4
3.688603876345958E-4
3.1298501398470006E-4
5.893024431387462E-4
9.703416359860421E-4
1.3014700095731712E-5
2.847182845331432E-4
8.814170932614881E-4
5.27650853645074E-5
2.979378463801914E-4
9.691466473864145E-4
8.267107647257653E-5
5.678608827864656E-4
6.277026940578488E-4
2.0154853820632664E-4
8.274970995396351E-4
7.324129400393742E-4
8.220358406670961E-4
9.205342598916505E-4
5.598647489702365E-4
7.382435958334095E-4
1.645173780119329E-5
8.680030766031149E-4
1.6468940594560329E-4
6.615099163283859E-4
2.353928806243876E-4
2.694827278669679E-4
2.477417989469356E-5
2.321579175770443E-4
1.274427808030438E-4
1.7111376421429575E-5
3.9431762153830367E-4
9.721513357788322E-4
1.1513785411858356E-4
9.665349622433715E-4
4.272963183763958E-4
8.896579041969171E-4
2.3154001285273688E-4
5.1356391417796566E-5
9.614968993054921E-4
2.149133783679693E-4
3.219524103656256E-4
1.1948693557577838E-4
3.3221346045094895E-4
1.4810368411514107E-4
8.237412189253687E-4
6.706588468272244E-4
8.639556340868403E-4
8.541509282411814E-4
9.81046051258079E-4
4.5551163832616083E-4
8.621770414938624E-4
5.831556030916173E-4
4.155763677642803E-4
3.4767387042333427E-4
1.7027941626054861E-4
7.763585166792631E-4
1.209782116254072E-4
6.26660445330538E-4
2.685396483350282E-5
6.437999661614691E-4
3.110253703599421E-4
3.11850008610188E-4
7.339134125218371E-4
8.000304278668019E-4
1.5680933307711165E-4
5.014948537181227E-5
4.752885650292383E-4
7.058509100710086E-4
1.4567089201936878E-4
2.7833238780322297E-4
8.706716992958198E-4
4.6730689418708783E-4
8.656969096465624E-4
7.063667326587278E-4
8.134493726143215E-4
4.808981870493554E-6
6.271163566652524E-5
4.8755312118160674E-4
6.397350914265778E-4
1.2310716995862203E-4
7.719714932282257E-4
4.307473592663854E-4
2.5175995716329696E-5
4.6043894568352555E-4
7.667205411612547E-4
8.638888886690532E-4
2.872689323403365E-5
7.717939926553896E-4
7.0036848064826E-4
9.462305103556142E-4
4.607819185044734E-4
5.918342141108038E-4
8.542860269840369E-4
3.474953355102144E-4
5.093700921029896E-4
3.098916351458027E-4
6.036768000351207E-4
1.2281647201481868E-4
5.075109969857943E-4
8.731971299997457E-4
5.024363777945355E-4
2.1622969126022475E-4
3.656345160569989E-4
7.866364427617682E-4
9.33118189907608E-7
1.1694788497043969E-5
9.604231137233087E-5
1.8435635135257554E-5
5.02868089542393E-4
2.155463021576579E-6
3.281322001321564E-4
1.7758052738704218E-4
5.897591111319067E-4
6.43128538659789E-4
3.738925286016919E-4
3.5940462998712634E-4
1.661435713024255E-4
8.922305776925566E-4
6.817896366604441E-4
4.8892843459512004E-5
3.781715124053793E-5
4.974495346790486E-4
2.0249565560222934E-4
9.121834840456021E-4
3.459938956967246E-4
4.92570596407563E-4
2.092097014073624E-4
2.9739261915584454E-4
9.424567496141138E-4
8.929619366433002E-4
5.099999193661824E-4
1.385873717790531E-4
8.24154384199227E-4
7.234384709832982E-4
6.993277932765275E-4
4.319608113132291E-4
5.210969710246361E-4
6.856527188301393E-4
1.833806757539567E-4
7.175801114040914E-4
8.148052268029134E-4
2.1092765229224772E-4
8.592441233113558E-4
2.0591152124902924E-4
4.668101590432217E-4
5.987395709321521E-4
4.856114106549747E-4
9.247211828422545E-4
1.4036072147210533E-4
3.199548774926863E-4
7.348126871123665E-4
9.081461681308288E-4
8.606687785099107E-4
3.944785221882962E-4
5.521765608802483E-4
9.255780343521612E-4
8.579944172169807E-4
7.564263159756727E-4
8.353588114171105E-4
9.242484831320361E-4
1.1598325693963625E-4
7.483723463804592E-4
1.5625517271095302E-4
8.32381498508671E-4
9.109307907433623E-4
6.754386792155637E-4
4.345133098411504E-5
9.048788070197428E-4
7.454765956001956E-4
2.212177756626856E-4
8.914489496425956E-4
4.89350801129154E-4
5.506844410259387E-4
1.1667292020415688E-4
6.739527258255797E-4
8.770364143658853E-4
3.4785364433667247E-4
6.009884789929555E-4
9.359015410953425E-5
9.809345302242494E-4
8.914567153878688E-4
4.6415746765909047E-4
8.057193039840794E-4
3.777467252245982E-4
4.425476871900391E-4
4.5778744640402103E-4
6.794613227785605E-4
7.574028755678675E-4
5.533778179525955E-4
9.474858371308204E-4
5.830564957904203E-4
4.940257890006032E-4
2.9426396162604123E-4
6.300123594290329E-4
5.453636043443948E-4
9.454782603057325E-4
7.578936365496289E-4
5.08714952898508E-4
7.640863675041625E-4
4.8797900768883264E-5
3.687289770886642E-5
9.081693156739477E-4
7.734277514685839E-4
8.892446488635826E-4
1.3854858204912065E-4
9.231979241124816E-4
3.8759620077778793E-4
5.472054952635421E-4
2.852437684385546E-4
9.758648592967309E-4
5.293633598100413E-4
7.114041025816148E-4
4.1807498695644213E-4
1.830161336427634E-4
7.485285291104882E-4
9.098280097588661E-5
4.4318892162070126E-4
6.001676226511086E-4
7.297790744413121E-4
5.824192434676352E-4
7.379473921069731E-4
5.049810253032403E-4
4.663990185944657E-4
4.264829464722217E-4
9.300945854327327E-4
7.612473203979809E-4
1.9085003301756706E-4
7.284069295351694E-4
6.61499141447726E-4
3.5468577025532587E-4
6.20091459554512E-4
6.909078396345316E-5
3.1544527425943767E-4
4.16584780852724E-4
8.10744918944186E-4
6.987729000318204E-4
8.741683715214437E-4
5.117602723890752E-4
2.7052239956910547E-5
7.144580668126675E-4
2.422629479015815E-5
3.838006829081694E-4
2.8844689093559807E-4
2.833985348471296E-4
4.213890017454508E-4
7.901613152524042E-4
5.347272108682976E-4
5.047885899002185E-4
2.404140483853707E-4
9.50698625380038E-4
7.743434225854791E-5
8.776693547614212E-4
8.956069342280462E-4
1.25618742524987E-4
1.7636861644795357E-4
9.786176614089755E-4
5.647696209672516E-4
8.141652209908494E-4
4.2764711343728633E-4
1.2597581042223422E-4
7.361561796447719E-4
1.1541725719350508E-4
8.29326323668969E-5
8.269993476989754E-4
6.830715769412146E-4
2.3187440666585637E-4
5.259237698551167E-4
7.469058412917007E-4
7.593437407255494E-4
2.3827181800283566E-4
8.700898540889334E-4
8.872984928998585E-4
3.503164721543229E-4
5.536465081861544E-4
7.032879939206711E-4
5.871312831140425E-4
1.8609636207220524E-4
7.575233105637695E-4
8.559711389324326E-6
4.7738493403500957E-4
6.746889076415816E-4
8.599557922992736E-4
4.998476710414035E-4
7.809643033861631E-4
1.643524382467304E-4
4.8332698161131015E-4
6.35906109436409E-4
5.812701120664914E-4
9.307682214343462E-4
9.418326641169957E-4
5.369442115185441E-4
7.4888894138292E-4
2.480276854149754E-4
7.562085113041736E-4
2.0865083375270222E-4
1.669033287075858E-4
7.44679932898642E-4
7.430572566762519E-4
3.770986184749393E-4
4.900264063967217E-5
7.33219008426379E-4
7.992954359956423E-4
9.012643985773405E-4
1.7109241078808564E-4
6.302998731319338E-4
1.1177083389960586E-4
9.036434534535456E-4
2.4834578718476504E-4
5.662566349435801E-4
8.302159805586528E-5
9.731633726236764E-4
6.628275920213637E-4
4.692688290339587E-4
4.37098642552328E-4
1.7645051811349946E-4
7.225347756327629E-4
7.134462006334357E-4
1.2116480431225843E-4
7.230787117294156E-4
5.46757499380217E-4
3.093958425102518E-4
6.6570127901594E-4
3.384949198377376E-4
2.3558030000064102E-4
7.085443494736158E-4
8.444270885877186E-4
6.856044409286214E-4
4.115414936404485E-4
7.584010915168077E-4
3.773584009497066E-4
2.310203595230962E-4
1.0025832026277187E-4
9.079549734529295E-4
8.25687613528562E-4
4.68578142131931E-4
3.3595353704199546E-4
3.5078678334566526E-4
6.209956572529316E-4
8.628901359569556E-5
4.123452421637915E-4
3.66891936032973E-4
1.8041350994407225E-4
3.946885924779921E-4
3.3219348674572337E-4
3.9719181652753826E-4
2.0297955303881203E-4
2.365036429778566E-5
5.299424039296926E-4
4.693864600513498E-5
3.079203043082682E-4
4.0233796823002667E-5
6.22404246292778E-4
9.802905179471496E-4
1.588885680333079E-4
5.814378254164097E-4
5.209627060087911E-4
6.734882934687199E-4
9.067790071336377E-4
8.396371327926444E-4
6.982430498244864E-4
7.711106855931171E-5
3.9668142644866026E-4
4.7356238659918655E-4
3.9723296967121384E-4
6.990744653451232E-4
6.455220483605072E-4
6.739751174616286E-4
2.3804785511949205E-4
7.768034706574928E-4
2.262983870919993E-4
8.969379324852102E-4
6.787823529592165E-4
1.1384087955673033E-5
1.0335007308358473E-4
7.732298155314707E-5
8.920951642530303E-4
9.98892380668503E-5
5.860436547342604E-4
7.913405119986543E-4
1.1868093592692672E-4
2.861332000787906E-4
2.290977625159026E-4
3.5423482937258524E-4
1.081817610386197E-5
3.961928073408952E-4
3.1210341198659386E-4
5.486804211521128E-4
8.274547017667398E-5
1.3729767424120753E-4
4.3312479180127717E-4
4.2140711011640894E-4
5.679969514793311E-4
1.8928285671106E-4
4.854052613333228E-4
6.504450757834062E-4
6.157886341376337E-4
5.965574368336844E-4
6.492921783255719E-4
9.286271502830693E-4
1.0763273014563218E-4
7.213341987375841E-5
7.020489613805315E-4
8.880105027707033E-4
2.920156188512519E-4
1.051775735217037E-4
5.963317623967768E-4
6.0099566051479014E-5
4.7953523563090195E-4
1.6153356835816595E-4
8.67483690808262E-4
3.228586344689338E-4
8.284239819072419E-4
2.750763422197153E-4
5.202952584115439E-4
3.4123073948560685E-4
9.606956801894029E-4
6.386444194275018E-4
7.645873748697166E-4
6.741632696236355E-4
6.44312401568055E-4
3.023843048450255E-4
7.332149927781271E-4
3.8599802237413377E-4
6.798973925786937E-4
4.990053767305624E-4
4.6152524055247704E-4
3.299444559402755E-4
6.508343209370083E-4
3.421631205800958E-4
6.784314490881569E-4
4.01766681571098E-4
3.6294166405137664E-4
9.531521552365948E-4
7.174162777973126E-4
4.496056193244282E-4
3.9075495728393966E-4
1.6005438275794887E-4
7.851125095292731E-4
8.718891122835812E-4
4.770708382710517E-4
4.816429345394203E-4
6.065136602509013E-4
5.112252044427333E-4
3.455130610841956E-4
8.619772618789159E-4
5.018818869879477E-4
3.456369034290841E-4
3.326741940829927E-4
4.975833174283011E-4
9.69497961930257E-4
2.737397345794961E-4
6.761537834197037E-4
4.001881123504796E-4
1.5356913275054316E-4
5.489346739032554E-4
1.7027503915542478E-4
8.667541553893413E-5
5.930400795793212E-4
9.299450233330275E-4
2.328923667166567E-4
7.529615409855519E-4
3.2696611376449174E-4
7.658545041640313E-4
1.2954086170610695E-4
8.37140684162283E-4
5.052746706806142E-4
2.373930826429946E-5
8.422198052543562E-4
1.891596973653662E-4
7.253580606098551E-4
5.816060905752342E-4
7.445436553316398E-4
4.051266373766567E-4
8.345421634032172E-4
8.434177868997594E-4
4.3585752596548183E-4
2.9238323930124793E-4
4.267065118182392E-4
2.3967798289664796E-4
5.034909114885909E-4
7.064705106909243E-4
6.291510624548164E-4
1.089175572058044E-4
1.0344666671516353E-4
8.304844614088009E-4
2.7006413639614604E-4
5.6087333713748835E-5
2.9679511703803284E-4
3.472690047492138E-4
5.998651760348131E-4
2.1050872781214279E-4
6.0765114361275175E-5
4.8411246976112624E-5
4.5072815818617516E-4
6.145888498237715E-4
1.466159996441388E-4
7.095286482064169E-4
4.995739599137665E-4
2.266961167275198E-4
9.64689437477464E-5
3.0933629292033336E-5
9.320092622984235E-4
6.176770885578132E-4
5.259606520427125E-4
7.531560642415064E-4
7.63632300370534E-4
1.672116163484764E-4
1.7073823310298874E-4
6.797614406693955E-4
2.0900503135161635E-4
1.9667226883447126E-5
1.345840777339999E-4
9.235762939134819E-4
2.349085722686972E-5
7.92741420946673E-4
5.357437742300418E-4
5.669806215014156E-4
2.7569241486776836E-4
8.552242981096135E-4
4.7366578025549635E-4
7.558538066168337E-4
3.1652012616030443E-6
9.881755220999431E-4
2.682634587064754E-4
6.708130185733568E-5
6.882857313364502E-4
1.238822395048239E-4
2.913732023691463E-4
5.70146391537062E-4
2.176633378815319E-4
8.112564394843477E-5
6.691130319366062E-4
1.8676928122232783E-4
5.766758112873114E-4
2.640820260669064E-4
4.7242079400375097E-4
3.206688024956396E-4
2.737453201788076E-4
5.268457678484067E-4
7.947905784066476E-4
4.622792103607523E-4
9.507226994304404E-4
3.2820075580086743E-4
6.28802620214007E-4
8.155192886924433E-4
2.9748443913097647E-4
4.6727524305571E-4
1.6878270202691452E-4
4.6965705049600604E-4
7.523379792122931E-4
2.211317357083374E-4
8.246629287057515E-4
5.631653091900405E-4
4.124056709706946E-4
6.029876978585604E-5
4.993346940050418E-4
7.867824508247964E-5
5.337229312920342E-4
7.158217284611295E-4
1.694613709390359E-4
9.543754675359374E-4
9.405356036344273E-4
2.081339864148492E-4
9.415313234055539E-4
2.048803271894958E-4
4.7751224482753154E-4
2.488386616894663E-5
3.6106405316242447E-4
8.216390373553771E-4
9.86272653086324E-4
2.01332398151409E-4
3.687961593047688E-4
4.5429072379365103E-4
5.078490380929322E-4
8.2073508442369E-4
4.0589957822723593E-4
3.025720477353444E-4
8.151580182852203E-4
9.71556834065943E-4
4.0629181985890546E-4
3.321206585448934E-4
6.255217678664451E-5
8.914290942433322E-4
5.391628292373901E-4
8.684713903844289E-4
5.425233772731509E-4
3.782789253637819E-4
9.46021847535015E-4
2.0579795147279825E-4
3.400527196995303E-5
8.178450907070337E-4
9.706244059683447E-4
3.442205867879132E-4
2.6176907563584353E-4
3.59173065967547E-4
1.5578886862025037E-4
6.524576419589158E-4
5.143601040546227E-5
8.063378119726126E-4
4.937053054849792E-4
7.474205517564024E-4
2.230038342708656E-4
4.270625000101684E-4
3.7039102697036314E-4
2.7384369652429675E-4
4.956047155276803E-4
8.265507692095475E-5
9.546028768694539E-4
6.343829493507467E-4
7.384447266995064E-4
1.601259786448646E-4
7.195586074272088E-4
5.641466806655269E-4
8.251475666633004E-4
6.105905257618494E-5
5.203052165705937E-5
3.468572393671187E-4
1.7483381390151834E-4
6.029751005010386E-4
4.94842550967979E-4
6.630011573476993E-4
7.025151126185143E-4
5.482017798636553E-4
1.4062770739061307E-4
1.8918833888657849E-4
3.467205325026194E-4
7.991851384749892E-4
5.142123059950067E-5
9.54725663954783E-4
2.54356853935423E-4
9.180691574394284E-4
4.584492834399862E-4
5.712148529020936E-4
3.832187408926442E-4
5.00569143090546E-4
5.9484337929918215E-5
3.494645043229294E-4
4.1125425145730165E-4
1.3960299903708928E-4
5.309682524894534E-4
4.6105270891989234E-4
7.509882969869479E-4
2.5182376911129974E-4
4.658328225802157E-6
3.561143791657725E-4
7.24705221149644E-4
4.2690206099443995E-5
9.58072078398246E-6
9.177324328228886E-4
4.8079527773647613E-4
3.6170698179145217E-4
9.493107376263164E-4
8.907802255265116E-4
1.6719350836033524E-4
8.556286476597501E-4
8.267903640539129E-5
4.096431989010699E-4
3.0949039996201375E-4
7.603823731607192E-4
9.28228519850022E-4
7.955321563807423E-4
9.695504002066257E-4
2.615537582227783E-4
7.95514173501346E-4
4.707925408332448E-4
3.7453797784191387E-4
3.110302452693589E-4
7.720883329758676E-4
2.1626478908123688E-5
2.533388342331886E-4
8.686509244891084E-4
6.032516283486667E-4
8.935429659977154E-5
6.173315041875153E-4
3.009868542898261E-4
2.418322965915187E-4
6.802417384538654E-4
1.1655336577925647E-4
2.4932788018420756E-4
3.854149335957663E-5
7.715284433421882E-4
5.664110535045919E-4
6.056299958091423E-4
2.548278935392778E-4
2.710527987527351E-5
3.0658987329685916E-4
6.286617281455706E-4
5.742236307808617E-4
2.2488728577970587E-4
5.943088763102549E-4
6.829032515197993E-4
6.904497436039995E-4
3.249925736568562E-5
8.374795641797287E-4
1.7798739175041108E-4
6.253990407285352E-4
2.4501076542609906E-4
9.692212156781353E-4
7.673385807329146E-4
1.1689773628611734E-4
5.351416308416257E-4
1.2650809193363803E-4
8.242359993964751E-4
4.6516159048366404E-4
1.254000948752487E-4
7.048249821647436E-4
6.253829204273137E-4
5.213873180860159E-4
9.492312014096402E-5
1.626482518121507E-4
2.9589939767797937E-5
3.8463484931836327E-4
1.2366859032535436E-4
2.18933271102418E-4
3.2175924742669086E-4
1.847904882827242E-4
7.885471710102703E-4
5.073487179774417E-4
2.9704141120556E-4
9.286747655473321E-4
6.736319003064065E-5
7.281297933033022E-4
2.838190356770829E-4
8.08846597035764E-5
1.0810453571728516E-4
5.10742905545295E-6
1.602506850161407E-5
7.821359686945367E-4
6.751915180898858E-4
6.35045755229764E-4
1.7528113708884394E-4
1.2693351083674973E-5
5.178885412631709E-4
6.234715619246486E-4
5.407659033207852E-4
7.599993122218487E-4
8.212592542771138E-4
2.587676310344728E-4
7.699755861654186E-4
8.364384682121689E-4
4.736573603057549E-4
5.827138117268948E-4
8.735132238632181E-4
7.732918263896949E-4
6.316497989687882E-5
6.161357853439137E-4
9.848218121456332E-4
1.8084340118579433E-4
1.913996276390024E-4
2.848701934784715E-4
1.1779244992794368E-4
2.9520877413148622E-5
9.419744155612324E-4
4.2102981296635614E-4
7.217741607864196E-4
1.0698380266609012E-5
5.842494255770928E-4
8.574162190910355E-5
1.9219797757985706E-4
7.664833673748236E-4
3.812787052583121E-4
3.916361580710848E-4
6.861418566748394E-4
1.408974937592448E-4
6.264109001846018E-4
7.9787003300329E-4
6.54032058537931E-5
6.319924958416312E-4
1.0576510053047686E-4
5.137646909521173E-4
7.087161753894132E-5
4.628758609189195E-4
3.72866609468054E-4
5.088277963482327E-4
4.759244587267445E-4
1.459311832803868E-4
9.878523330859824E-4
8.788422876211538E-4
9.777017944763453E-4
6.393655826144499E-4
1.1789335599326623E-4
3.874438437438882E-5
8.257841818487545E-4
3.281491406694326E-4
2.105581999856348E-4
3.173855472599575E-4
9.178444832045582E-4
5.271438098614584E-4
9.060549001658052E-4
6.437312525436344E-4
3.7451310654921984E-5
5.428207507135479E-4
4.989406389727341E-4
8.350143154145034E-4
3.9161547955893287E-4
8.661513810778339E-4
1.6074292985192486E-5
2.230101221248521E-4
7.483550322964855E-4
1.8802821636206235E-4
9.429105071396436E-4
7.607346547127611E-4
6.832731998614946E-4
2.504263594935759E-4
5.600586230380077E-4
5.896164959177858E-4
8.757256357758408E-4
9.580286819920163E-4
5.744104066703325E-4
2.130050642134958E-4
1.1363253714661577E-4
9.733459297495511E-4
5.191524766424488E-4
1.3784764772511012E-4
5.55231087168227E-4
4.130544409784838E-4
1.8319756350108972E-4
3.750717027708088E-4
8.679290745825502E-4
5.089257919877093E-4
9.408550373306462E-4
3.214384888045442E-4
7.364176749800421E-4
6.196997740669746E-4
4.717790064163946E-5
2.4838305275137907E-5
3.6026758776883116E-4
4.436947174922499E-4
6.837720428944333E-5
1.3945759022334972E-4
5.927373645319255E-4
7.695561486988069E-4
4.448458987035832E-4
3.379674753087875E-4
5.710643130578857E-4
3.8447443591557587E-4
7.961604167842286E-4
4.155884991561441E-4
1.5081326410325388E-4
2.7493608105828014E-4
3.009505348409891E-4
3.424522771947693E-5
9.640112302748297E-4
7.277468653719353E-4
6.651622129830682E-4
1.6514631688092237E-4
4.4382959924160417E-4
8.740389213283018E-4
5.530447996590406E-4
6.207653769166833E-4
5.2472821211220894E-5
8.65522602630704E-5
7.980032104615147E-4
9.521504411988766E-4
1.430869126064813E-4
4.519026608999988E-4
6.654135770617249E-4
7.05842866692926E-4
2.1920081963432307E-4
9.687641085835065E-4
7.702898218016472E-4
1.2169350853174367E-4
5.953654613316048E-4
5.286681132429791E-4
5.754226781964514E-4
2.3029914374451333E-4
4.106277529593431E-4
6.574714581119243E-4
5.433534610100405E-4
5.459306772599647E-4
2.713561841853134E-4
5.543243944596769E-4
2.604580569043303E-4
8.870603675264537E-4
2.481949121228393E-4
4.903211074520873E-4
7.838251104279275E-4
8.883247565032736E-4
7.105930795105008E-4
4.409242382275938E-4
3.7053126116045183E-4
1.94892213203401E-4
2.134169375197264E-5
5.0495393647494E-4
8.174355758923707E-4
2.2607347823707828E-4
9.189777560575238E-4
6.221197521619322E-4
8.849145985642592E-4
6.213861112888039E-4
5.955230591714611E-4
2.3368481307653796E-4
8.905708368150952E-4
8.990428234736636E-4
5.987380590053805E-4
8.059928387374115E-4
8.906222054574117E-4
9.388741762010486E-4
1.484101611389113E-4
3.7362445411074805E-4
4.969981909096499E-4
2.936936020133377E-4
3.843812971494239E-4
4.640796548247908E-4
3.757051112580701E-4
8.404934697698818E-4
4.84558618757333E-4
5.768520178667226E-4
4.3543103626471124E-4
5.531747765850214E-4
4.536130253237557E-4
3.497669042350883E-4
1.1385963856941818E-4
1.0065896546864277E-4
3.933250188214258E-4
5.762359908037769E-4
9.309987914226078E-4
7.430266198540124E-4
1.2190259085432827E-4
6.948139884767827E-4
3.459966382957568E-4
6.358620258979048E-4
9.360750523745618E-4
9.876440004563723E-4
5.173426746629283E-4
3.250753080785761E-4
q:
5.33961641667108E-4
9.200029652808736E-4
1.4820431268236492E-4
8.676999943800178E-4
5.462682062194468E-4
8.058841585962268E-4
1.0972041689571748E-4
3.7012865515506654E-4
9.289106311818604E-4
5.677377065844915E-5
6.104291100660475E-4
9.737444361285016E-4
7.120918248023438E-4
8.644946577407468E-4
6.957037841624133E-4
5.707780762385033E-4
1.758987578485396E-4
8.35439426337159E-4
4.5767791228823966E-4
9.009838736543489E-4
6.331802068647084E-4
4.5322908230839603E-4
3.1676938858313003E-4
8.223842509694344E-5
7.283146399793658E-4
8.679567774911093E-4
4.2116759657804604E-4
7.980070013460592E-4
9.77864259603105E-4
8.918186931094007E-4
3.950165167228591E-4
5.836870723234663E-4
7.235503146004519E-4
2.6642276165858835E-4
6.14504275408415E-5
9.45829445686847E-4
7.756753483903013E-4
6.269342666726502E-4
6.08967680516836E-4
4.1489697176113103E-4
3.5143051534588463E-4
1.853921898048737E-4
2.3706967693378294E-4
4.98395179511494E-4
4.1246587149874734E-4
9.165583193727615E-4
4.4580239869761233E-4
4.60438144580309E-4
4.067315564708197E-4
7.130952918697156E-4
8.874709803749617E-4
8.254427951607272E-4
6.985497117150651E-6
7.159885029901131E-4
8.227451134946144E-4
6.70902479369012E-4
7.251383244448215E-4
7.085509134503357E-4
8.628705278122437E-4
2.3692614563147925E-4
6.358457884310173E-4
2.2695277396447364E-4
5.834172413209953E-4
7.894205928597738E-4
4.079612257719079E-4
9.478775993353282E-4
6.352208728787714E-4
3.246259548180457E-4
6.686922673017463E-4
8.310425991425181E-4
5.710426853997054E-5
7.326054302918846E-4
6.807654258903049E-4
6.62569717473792E-5
7.434939340812435E-4
9.38396475626651E-4
3.376589265649256E-4
7.361975571566941E-4
3.175278358591873E-4
5.826680380618503E-4
2.4974849198521244E-4
4.667714735417239E-4
6.36973062751928E-4
8.525014608319624E-4
7.679257233261278E-4
7.0369547680681E-4
9.484543928257331E-4
4.316772862299651E-4
7.266240977225124E-4
5.270873707660941E-5
7.491532615680702E-4
1.5704877443602414E-4
4.261741097955498E-4
5.038466275860724E-4
6.932566544357733E-4
8.486594845312933E-4
5.099679544153886E-4
8.732008997774926E-4
3.550510544990753E-4
5.662737285579195E-4
2.8467582598668505E-4
4.2001537831554185E-4
5.235881674220912E-4
2.9343604692515207E-5
1.7719979238204483E-4
9.642091949930375E-4
4.4978043978337486E-4
4.518753772323358E-4
7.579060814853541E-4
2.3877070400238584E-4
4.118631981249929E-4
7.022757063653243E-4
5.103342422575819E-4
1.6873216281909802E-4
8.072352827731262E-4
1.6419210338916527E-4
8.479939535006243E-4
3.8951439481736173E-4
5.74349343763648E-4
5.565631594320445E-4
9.87829414092759E-4
7.783277613310384E-4
6.485853243381902E-4
2.0089041824347117E-4
2.5846862581973905E-4
5.361958129634346E-4
7.885487179043287E-4
7.151149317799908E-4
1.1927091352411692E-4
4.0982144699837917E-4
2.142675113741697E-4
7.719256713560428E-4
7.900625796712846E-4
6.600178044688632E-4
6.768520985285812E-4
7.843208786911313E-4
8.144798993454104E-4
9.388501172547686E-4
5.551925912778216E-4
6.719277547524578E-4
4.302541207603703E-4
5.13023528366521E-4
8.263644233071717E-4
4.024576336334738E-4
9.836837819816651E-4
3.490072379460455E-4
4.6916319099395094E-4
4.986492882940461E-4
2.0675300567891673E-4
8.206046827981067E-4
6.777914593028939E-4
6.302814212620012E-4
7.052245783632946E-4
4.8362325418579874E-4
4.838218076688457E-4
9.121225299725969E-4
2.7789597105649184E-4
5.982355412496936E-4
6.045431947365455E-4
2.5553951440342355E-4
3.0884701752651307E-4
3.798942650753683E-4
1.621369761531739E-4
9.690144263370747E-4
2.7839999827238834E-4
5.982412429834438E-4
8.465244794515712E-4
9.182265987390753E-4
3.862090016107767E-4
5.182154357303742E-5
2.5215925975516774E-4
5.245776475679793E-4
9.218008136519084E-4
1.1104476292131936E-4
6.435042287555125E-4
3.3612210418974044E-4
4.5492862252889224E-5
3.371324352722246E-5
8.863791581388599E-4
1.4081369337004394E-4
5.017118772106626E-4
9.432365555459734E-4
8.0627595211676E-4
6.276977042268983E-4
9.831525346066822E-4
2.966833588230822E-5
3.793866495385092E-4
6.643900309861601E-4
6.172830844827335E-4
3.8168530590842895E-4
1.1147349545161415E-4
4.5883065394598956E-4
7.028215835449922E-4
6.387093351859855E-4
7.646795008291535E-4
5.543325635496816E-4
1.2503894909445472E-4
3.3463670221951943E-4
8.759160653981724E-5
9.110439394895764E-4
5.688323484814337E-4
7.226372856877614E-4
2.7529962984062385E-5
8.694120916501965E-4
9.651180008589082E-4
9.621963459156837E-4
4.051712474122757E-4
4.787346613969793E-4
3.2612287271005687E-4
4.7953984146113923E-4
8.837063559890414E-4
6.449027269137983E-4
4.819931429946549E-4
6.919098151768017E-5
1.1071773873580773E-4
9.497328099306805E-5
1.241445284596124E-4
5.144726770711938E-4
3.4413051880060144E-4
9.038151079739358E-4
8.644828354841263E-4
6.384482879913209E-4
3.724515642085872E-4
7.138524346449944E-4
7.675851234064965E-4
6.670139517990178E-4
8.963868047536972E-5
1.5228117580542302E-4
2.5310813556588116E-4
8.665526807223108E-4
7.399861434047351E-4
9.474634932104102E-4
7.375571010937663E-4
3.5847652017766064E-4
7.453709293955769E-4
4.470956237293492E-4
7.341536164455224E-4
1.2306087578945553E-4
1.4637449975885347E-4
7.876893650609235E-4
7.128587764082539E-4
5.63635372111278E-4
3.9321046010900695E-4
3.0802160524441753E-4
2.1437439374982978E-4
8.161064351975877E-4
5.251038335055912E-4
6.642149640476359E-4
5.454919988767959E-4
2.3555854146600918E-4
2.547414734450609E-4
5.260413094878628E-4
2.433347394233665E-4
8.868449045035707E-4
7.72318556660255E-4
4.518129283647309E-4
6.06564687884764E-4
2.7653099217034505E-4
7.001362908107542E-4
5.672204100074461E-4
9.471200007798421E-4
1.6572500083733544E-4
4.2581986802687214E-4
4.347105273740244E-4
2.7206454261656196E-4
9.509571516298868E-4
2.112378745079427E-4
8.004514174532218E-4
6.050582395651179E-4
6.422027793434249E-4
8.848062691559635E-4
7.268984715190781E-5
7.235740983543578E-4
7.437175762667274E-4
3.751080919506441E-4
3.423863998554638E-4
4.3442587146823693E-4
4.7093056831123276E-4
1.8638788936990865E-4
2.95841219824821E-4
1.4815187794973959E-4
5.225486275002271E-4
3.415874789615588E-4
4.768724746690494E-4
9.520248938372722E-4
6.194741154508208E-4
5.590625422179849E-5
1.2362464861270537E-4
5.582782034996938E-4
9.17035946525293E-4
1.5056783635280702E-4
9.875664356780334E-4
9.764323983703805E-4
1.1422668071393006E-4
3.805110478492059E-4
5.717544414644036E-4
7.713343988329926E-4
2.0133646876303093E-4
3.089166996873693E-4
7.255839747580583E-4
8.844961143274848E-4
2.782580265592976E-4
7.316163991489576E-4
6.119630179217431E-4
7.985676998742536E-4
7.06252481193626E-4
3.7559171512962663E-5
5.198398004850521E-4
8.786220100657335E-6
1.8820002013609938E-4
6.989356011803759E-4
3.2819266982068816E-4
5.317503008163009E-4
2.68390036874194E-4
1.0495360323684639E-4
8.410922751863318E-4
6.591195964963843E-4
9.495137288116019E-4
9.449661903731728E-4
9.669286508474776E-4
5.516315686494968E-4
5.744349647534886E-6
8.304692678732345E-4
6.868404710675885E-4
5.837508176067789E-4
1.380165693135657E-4
5.214262424083749E-4
7.914759233842263E-4
3.325062255172946E-4
6.196879345487865E-4
6.376280583873249E-4
1.2596658283547038E-4
9.59765628882541E-4
5.037051264158489E-4
8.247085800497703E-4
7.892956679960932E-4
1.7999987143293015E-4
3.2029376317547673E-4
4.406244779273367E-4
8.858594702292871E-4
1.3110446146494134E-4
5.051252355176419E-4
9.030916620524496E-4
2.053057802738262E-4
9.187466538365583E-4
1.6750462978103466E-4
8.281791545992313E-4
2.943825504382958E-4
2.2494246618189268E-4
1.621597424775105E-4
2.240487461927423E-4
4.2911701365383817E-4
9.248598449934526E-4
9.003733202541281E-4
6.449857049358621E-4
1.1407117525477776E-4
7.384779169060016E-4
5.509149775504547E-4
2.18045570060885E-5
7.261526161608924E-4
6.872751464753267E-4
7.936404090821898E-4
9.69592116715731E-4
8.781346856183833E-4
9.303502310216153E-4
9.115525461726702E-4
9.001119407953949E-4
9.155608140220294E-4
4.269828029184106E-4
8.841950448493207E-4
6.299078335195599E-4
2.2347352084550024E-4
9.763853546783947E-4
6.432946823166269E-4
6.694641244284332E-4
1.0575206699568274E-4
5.885593609003189E-4
3.9760123994399027E-4
6.236209036925125E-4
1.1816458032146099E-4
7.522609134941339E-4
1.0609534760748923E-4
5.92484979267673E-4
1.357472636379255E-4
3.5985326933406133E-4
8.82465554777349E-5
9.181051049275561E-4
9.32894286133878E-5
3.705559489227819E-4
5.239719802786151E-4
3.562800564914284E-4
3.9901914725441154E-4
7.203612550884288E-4
1.7919695716973354E-4
6.78208756095531E-4
4.892317388676907E-4
8.994939110309729E-4
9.635980624953228E-4
8.029259205283351E-4
5.261008746093095E-4
1.790563533364175E-4
5.344478956617316E-4
9.352018476211032E-4
5.037903686360896E-4
6.17347677410711E-4
6.954872506812983E-4
1.772857949331053E-4
2.991386614865876E-4
5.660514115042185E-4
4.5484580626490055E-4
5.664226862593855E-4
2.235893795611008E-5
4.4185083418572354E-5
4.980796036602995E-4
9.227613402291099E-4
6.068225489460068E-4
7.517326741219427E-4
7.958457922790706E-4
5.491792667853831E-4
6.531854751579507E-4
7.887484141277537E-4
1.2131214312608548E-4
1.35435440472998E-4
5.089293574426656E-4
2.4031785658972248E-5
2.235590078352279E-5
3.401819124670595E-4
8.742808629959806E-4
3.831528599182605E-4
6.028244816963051E-4
5.481629461408472E-4
5.638385223429816E-4
4.369155419779159E-4
2.982661529706765E-4
3.726016942538902E-4
4.19486273484671E-4
9.725616695036542E-4
3.9175483103687833E-4
3.8809150701906995E-5
1.1685056054949835E-4
2.521683531194091E-4
2.1303253295383264E-4
4.7014780288313375E-4
4.5278577007023326E-4
3.9630863921283463E-4
6.7353093576198E-4
2.2877919946018546E-4
1.229323743235775E-4
7.914832726525662E-5
5.523511195716695E-4
1.5797801572959967E-4
5.499487220190722E-4
2.922108429455902E-4
6.457469577306007E-4
2.1167076875230076E-4
6.199979707988193E-4
7.744947817264667E-4
1.8731044279731186E-4
6.465714210681365E-4
9.44006723174363E-4
7.190332588306763E-4
3.7249431149661796E-4
1.94672620323019E-5
6.679903577266983E-5
7.636216164779144E-4
8.944850027463355E-4
7.461157118954821E-4
8.141920600052089E-4
9.387291943032265E-4
4.589831276939641E-4
4.5672512644647585E-4
4.1670666537578884E-4
6.274473014246148E-4
4.659743597885627E-4
2.1404957619072982E-4
7.886531823882691E-4
8.300181474102808E-4
1.9333982779370682E-4
1.1404469276367177E-4
5.918042056950203E-4
8.578165447740583E-5
8.577327346990692E-4
1.636617657415119E-4
6.012668794183277E-4
2.6678619016430236E-4
4.3597215228370547E-4
9.286737101376452E-4
2.373192835616312E-4
6.678837759382606E-4
9.627341729486911E-4
6.055459653731905E-4
9.280241151798712E-4
2.5473238065307788E-5
8.961319998538052E-4
9.348991743732543E-4
5.064476257702981E-4
2.0470255478592913E-4
7.478217003640006E-4
3.2228632766448595E-4
6.905418272535456E-4
6.10453973477871E-4
4.2370392299765817E-4
8.18134155886841E-5
5.262384087128106E-4
5.464314644281029E-4
9.858681008376791E-4
2.266295717234386E-4
9.066788536095458E-4
9.85633487286184E-4
2.0476984448676146E-4
2.344323213960483E-4
8.395705590178987E-4
8.462979241236778E-5
2.3995044390819603E-5
9.41943390577736E-4
2.7839862580190624E-4
1.2939240642512138E-4
1.4938389432162473E-4
2.822219319654118E-4
3.975493574545422E-4
5.993413846338501E-4
7.079650066796427E-4
3.237975283908453E-5
7.744663846016903E-4
7.927178168457767E-4
4.1936613493024434E-4
4.2822615390497836E-4
2.1359238471496396E-4
6.228820370677293E-4
9.811458607801831E-4
6.572189138914041E-4
2.52811272417501E-4
5.886945594536291E-4
4.138008396141431E-4
4.2949132109448395E-4
3.875009770085812E-4
1.1069958729363814E-4
4.851643525705529E-5
7.08756979060318E-4
4.4192822255172717E-4
7.097871087778341E-5
8.313246579417904E-4
1.0322003536623912E-4
2.1413078602907469E-4
7.923651418965812E-4
6.52346302753372E-4
8.01345515186088E-4
9.702504728165923E-4
5.4727532395469E-4
6.136815535430115E-4
2.798303960717288E-4
8.738316747753185E-4
3.1509605351816896E-4
4.3016904188109364E-5
2.60847637653855E-4
6.171972057405535E-5
1.5429615807571994E-4
1.6557831754135366E-4
1.9114599422767319E-4
2.101637172382417E-4
1.409057697344242E-4
6.575218072945526E-5
4.872126274079391E-4
7.534514004734805E-4
9.384071568414793E-4
9.539140580435019E-5
4.783507532594032E-5
6.379145668103178E-4
3.207255522987459E-4
2.949062938694947E-4
8.611903346350267E-4
9.432369642675258E-4
8.892882217085954E-4
6.651106944307512E-4
8.975164052603556E-4
6.648793014561257E-4
9.613027093663713E-4
5.830391933892438E-4
8.905098331569985E-4
7.467239208672748E-4
8.995160113706097E-4
5.166890237849529E-4
9.443582184438948E-4
6.482027592017286E-4
5.316015934956885E-4
7.179782261473569E-5
7.157511424370562E-4
1.4749725857721597E-4
4.936315861300681E-4
4.657960131756963E-4
4.1886568886177126E-4
5.764535698872437E-4
8.085871474878913E-4
8.84236353662699E-4
1.80043775876511E-4
8.704656046969053E-4
3.1802486607405696E-4
1.8622110622232868E-4
2.494622238018532E-4
1.6131851036467405E-4
2.907257300252965E-4
6.828651755890745E-4
2.801921584274497E-4
8.406720771707049E-4
3.1967888166928787E-4
2.1560029063882327E-4
1.4248845095262108E-4
1.6147763741827662E-4
4.91863338249849E-4
6.870147831873962E-4
1.7240089664777658E-4
6.34775168928649E-4
4.960086627654272E-4
6.303821679226262E-4
4.273774966892608E-4
3.6990436769153315E-4
4.995296025026552E-4
6.17942862293185E-4
8.359491753482191E-4
3.2432980609027774E-4
5.211361084069921E-4
8.880680691838502E-4
7.389362433434986E-4
6.187353634217795E-4
4.04122553458178E-5
4.594478076643598E-4
6.877007889590635E-4
2.4593449176067695E-4
9.628544015340642E-5
8.383675023920697E-4
8.566807006227397E-4
2.796100600384863E-4
2.9937106044337447E-4
9.671743070887343E-4
2.869434442117041E-4
4.832469275962959E-6
9.799183612347613E-4
9.135876468702957E-4
2.792066233322458E-4
1.203560416735734E-4
4.7772596847696054E-4
4.658080615331569E-5
1.3585839719443062E-4
9.685822921849074E-4
2.4068064731509365E-4
8.005989501432256E-4
3.490956284772233E-5
5.878343467753252E-4
4.6576073138719876E-4
6.731760518657802E-4
4.774795311872028E-4
3.156706635676577E-4
1.2014751782772711E-4
5.615923037065206E-4
2.3904860544273163E-4
1.651548739524297E-4
2.0999813673276902E-4
5.642623860274667E-4
2.016808328987983E-4
8.439817960151505E-4
1.5011663965732372E-4
9.736086288098061E-4
9.631320165443651E-5
6.973254988053585E-4
3.663318228380849E-4
8.918441609654162E-4
4.315948307407436E-4
6.451504004367726E-4
4.3482320300513796E-4
4.6436910639679487E-4
9.734125826246545E-4
3.0050171054570593E-4
4.1964146964470675E-4
3.493830700577326E-4
1.0979031433381473E-4
7.219915702577995E-4
8.479062253182113E-4
1.3590842516683188E-4
3.1629523024079287E-4
2.80270308330752E-4
5.287284315244567E-4
1.7214867325183292E-4
3.271979725942383E-4
3.653585220163582E-4
2.860452033387169E-5
5.385605235491387E-5
9.567646542093759E-4
1.7704720676156105E-4
4.167440546372253E-4
8.764211052593973E-4
5.868758159683133E-4
6.418008802949523E-5
3.008292606988617E-4
9.619120879897291E-4
5.897017770425931E-4
4.524823059355688E-4
3.2176641333030474E-4
6.21250852577528E-4
5.445695970348865E-4
3.6457781306735714E-4
1.1514127176422301E-4
4.858505304599694E-4
1.5237839044859167E-4
3.628410208497152E-4
6.039352252561092E-4
3.4183205772510126E-4
9.300390808757431E-4
2.310235573945415E-4
7.072549816688535E-4
3.1630206373470623E-4
1.4073424671458352E-4
7.309452330417697E-4
3.850149932639233E-4
2.3318085145962735E-4
5.543793744463507E-4
2.859991012244855E-4
7.173981565109046E-4
9.75605922892878E-4
8.618180022995848E-4
1.742338408957672E-4
2.850351563889878E-4
8.610700595242019E-4
2.24963681671529E-4
8.120502460546408E-4
1.2954351748618677E-4
9.552925481945938E-4
1.9224930480412941E-4
5.236565913274797E-4
4.969440308565146E-4
4.135395360378674E-4
4.002388468161171E-4
8.899671486175931E-4
6.061756726259881E-4
1.7015025774727902E-4
1.603841886387419E-4
8.559028005348226E-4
6.322306324671676E-4
2.162718612057737E-4
2.3234952697341548E-6
1.6113553291861936E-4
6.554013978639881E-4
9.641405552702673E-4
3.938966558490096E-4
8.36570701713625E-4
2.715957427872673E-5
4.792703251405753E-4
5.347053380338535E-4
2.50755157967264E-4
4.884553914472254E-4
5.375997201136624E-4
8.411451399811514E-4
2.8028167463259746E-4
3.293153412218964E-4
9.263524149731583E-4
4.065607589634997E-4
8.399951061452468E-4
2.3356020061205028E-5
3.641781614546111E-4
3.480581656504203E-5
1.3867281303212164E-4
8.974235168217933E-4
8.145161931958742E-4
9.688240578759262E-4
1.26514256478622E-4
8.784963616544479E-4
7.177137756879013E-4
4.5474896375900613E-4
6.325262239333766E-4
5.489547236662436E-5
9.341049084492773E-5
8.552603022797475E-4
2.1983543426513877E-5
5.008566527878233E-4
3.3587034154529324E-4
4.2534843650476683E-4
5.441655964875116E-4
9.258686756446493E-4
9.761378612293173E-4
7.381028718578756E-4
5.660205902319859E-4
5.251176249412281E-4
3.3037344409195143E-4
1.4277639336338264E-4
1.5401534733690562E-5
4.698279071003821E-4
8.656110937892822E-4
4.360239279195578E-4
7.546245915554539E-4
7.73477054432411E-4
8.880822226697454E-4
7.896471029766068E-4
1.133258715449794E-4
2.9575822582758344E-4
9.092563247101932E-4
2.0488733217019457E-4
7.897398994416274E-4
9.244871189674178E-4
1.518314997879032E-4
6.957926883062426E-6
3.6340737555016535E-4
6.980664124300918E-4
6.961060485610601E-4
7.660418616122208E-4
5.207395199799207E-4
9.824389908255331E-4
6.55407520957146E-4
6.750187878590069E-4
6.517074142785272E-4
2.971204064815427E-5
3.4406657602768965E-4
5.865094463068875E-4
4.192404777209588E-4
4.094751902658594E-4
6.441939483618997E-4
7.071676449402808E-4
2.9870427915600306E-4
6.847352217804663E-4
1.1794770645580755E-4
7.259633134727076E-4
3.5034398803640874E-4
1.0563874587036315E-4
1.5096201002482454E-4
7.148996804854985E-4
8.509795327970527E-4
7.274328226814027E-4
4.2126912345211777E-4
1.8660875337530553E-4
4.865885816809924E-4
1.3990636771890163E-4
1.210850254884318E-4
6.305308505573571E-4
7.59845486659883E-4
7.041258156814961E-4
1.0691080609219877E-4
2.8156719487310657E-4
5.929340172982822E-4
1.2351583861311497E-4
5.168882780004961E-5
3.232477358757797E-4
5.296453732198914E-4
8.726260797562344E-4
5.868248835335385E-4
4.151485729551228E-4
1.4067263189183305E-4
8.203811511586741E-4
8.2954474348434E-4
6.000168854987139E-4
1.0746731732819452E-4
7.037783302285551E-4
6.99355837599676E-4
4.277974238881979E-4
5.389610878796609E-5
7.756608334108957E-4
1.1462909337207142E-4
2.7223872544985075E-4
7.411465447667685E-4
2.7279739632047993E-4
1.4454776058228427E-4
1.7498951007023043E-4
2.896234374199174E-4
5.399856549704117E-4
5.846139803228673E-4
1.8560543308883341E-4
2.980780097968395E-4
1.6947162280188987E-4
4.672231399007461E-4
6.420004234979442E-5
8.819748073176668E-4
4.021070502231667E-4
3.100703042914382E-4
4.595861770071886E-4
8.481749669857876E-4
8.429432997316186E-4
8.002606272669795E-4
5.963993404752942E-4
1.315030773671413E-4
7.20102764334901E-4
2.5418711694935055E-4
9.44164476557718E-4
6.452951805245346E-4
7.24184100122495E-4
4.5819605039915817E-4
1.7230968835096346E-4
1.7557378167593025E-4
7.588251073840627E-4
1.5239096355486574E-5
8.643332583399796E-4
8.75140851258934E-4
6.019472012292378E-4
9.425352456650178E-4
3.511665061835147E-4
7.902142391898915E-4
5.511370405964688E-4
6.598510523035605E-4
9.898317503101565E-4
7.246820172791146E-5
9.177242309103862E-4
4.4264906402077673E-4
6.798190533706644E-4
4.1193381265800785E-4
4.63600818066812E-4
7.978211971665088E-4
5.516134248821537E-4
6.818736698138647E-4
7.300769504174524E-4
3.60708711154915E-4
9.266610276492416E-4
7.224263510992015E-4
1.8150880045919042E-4
2.555172910764458E-4
8.585719957453874E-4
3.235558957036137E-4
7.090146313905774E-4
2.9427774839707893E-5
2.5691255054078377E-5
7.174040528677894E-4
8.547690585466516E-4
6.837115290524225E-4
4.197822266231995E-4
1.7248663742933817E-4
5.158488140781933E-4
1.9011264918266952E-4
9.404458810043305E-4
7.449046244954433E-4
4.2355350277498626E-4
8.676865656992358E-4
5.94396401526177E-4
6.512379938916975E-4
7.881447267696842E-5
7.257671803328993E-4
9.600143886856203E-4
3.0335474319660716E-4
2.578186842155801E-4
6.175450704226896E-4
8.876776596987333E-4
3.4497409091196785E-4
3.3207906527647557E-4
3.610460232751104E-4
5.871220609562178E-4
8.202906641841261E-4
8.041576224424156E-6
2.4751293119373326E-4
5.469591890739345E-4
7.950263513838634E-4
3.5754041656775296E-5
8.16493202905486E-4
6.177294629042347E-4
1.6742030165015371E-4
8.415001527012268E-4
5.947381868755367E-4
1.2083032717913985E-4
6.200398060529296E-4
9.102488604358591E-4
4.480893143030454E-5
7.178161889442397E-4
1.1895498443821175E-4
7.196220431563039E-4
1.1559869516271254E-4
4.1590335178446985E-4
3.502024144784188E-4
3.2779074110070143E-4
3.311545964479732E-4
9.596782057545436E-4
2.3645363409769264E-4
1.3201961727480745E-4
5.797784529893023E-4
4.4475207098516683E-4
5.230383129502714E-4
4.035139887572161E-4
1.440009514102982E-4
1.8759639325971057E-4
2.093205009310548E-4
1.9522616370255236E-4
1.1446492177224163E-4
9.590062930529032E-4
5.200044145950668E-4
7.580482173187049E-4
4.1949405152819286E-4
1.8443004967343965E-4
2.99405227601877E-5
9.536826353261792E-4
8.448587821245961E-5
4.8083270411906903E-4
8.812804204545579E-4
7.543235252109224E-4
5.933209627366835E-4
2.781869703176754E-4
3.4531806502932085E-4
3.189537909652043E-4
1.3775614682857726E-4
9.006157479726055E-4
5.849935347151067E-4
8.178907304710234E-4
7.372922809648683E-4
9.174016058047627E-4
1.8964357524795984E-4
7.336383929176676E-4
5.913067126055716E-5
2.2936262187819376E-4
4.122933213560366E-4
0.004470067321375115
