p:
0.0
0.006186075019007372
0.007057919675716806
0.006619463426300505
0.00653433665652712
0.008721405290227564
0.002961980728951537
0.0048526875370433105
0.006148739152916776
1.869413205167156E-4
6.425851668611949E-4
0.003349267688094542
0.005768365182661488
0.004066774467961001
0.002195910148940858
0.008240616763714348
0.007649844746096876
1.500124003299953E-4
0.008196596594348873
0.004253421362510924
0.008267989815298896
0.002741823414710058
0.005196437142263026
0.0017808025794108504
0.004444061382181688
0.003884984926523705
0.0025558805686262754
0.003034543270976506
0.004452559130758552
0.00874380519477212
4.587271394795321E-4
0.003247276750998027
0.004699329994502386
0.008679263166796984
7.823919289384446E-4
0.0017933016272761234
0.00788741703966932
0.002759542500293471
0.006231189246772493
0.003918015105616491
0.005079874707756316
0.007247164204128389
0.0059337985987229684
0.008190730812689695
0.007195905324470246
0.003311894677384555
0.005561688508765244
0.006915056374196173
0.0028971299699380977
0.007518619793816509
0.006046256259812673
0.007164244036878256
0.0035846944366567167
0.005094846166304215
0.005256862699041562
0.006604513550136905
0.002161391234956782
0.007644345266758915
0.007371870298671548
0.0076291034833699195
0.00711402475004064
2.749281564276048E-4
0.0033818371880362528
0.007264718657742975
0.00802637669507371
0.002859519660752478
0.006740209041390794
0.007238289189776285
0.0029410270795502736
0.008949371012255219
0.004821432724299946
0.0017747967090560829
0.0034090158593441367
9.589825999992214E-4
0.002228119293459017
0.008595801918953695
3.749754168807404E-4
0.008549485927993249
0.0032383534665489837
0.006016357250352696
0.0010634240888332573
0.003780530357137637
0.001991103578379664
0.00351373001594236
0.006415576065649794
0.0026710100899073747
0.005761106683640043
0.0058055975891696775
0.0036453588105683503
0.0020804651542566787
0.0046477152073664384
7.415324201529248E-4
0.0028845427987115794
0.0020759596842403203
4.01354989561957E-4
0.0040849968010280525
0.004619800006844868
0.0026739669085252193
0.006360912520088333
4.58875071286807E-4
0.0024440405879651134
q:
0.0015876177621178275
0.004904855188112891
7.234161888745828E-4
4.292662765703119E-4
0.00856517519112118
0.005391214418143222
0.005662438158303652
0.004476717102100636
0.008688092129682872
0.004214012795433545
0.008379860523578808
0.00875870034453339
9.56974313645585E-4
0.002796708191525645
0.0029511312032274254
8.996339537933521E-4
0.005988264124130434
0.005200846692625714
0.005495934029084908
0.0018610656429698992
9.789791670135896E-4
0.007261053756104633
0.006209223203748515
0.00790581412811958
0.007203589011110202
0.007940174215425007
0.002707703583301774
0.0025556302078413046
0.005519246272067686
0.0072583512338786635
1.2266173789207346E-4
0.0029583982662792093
0.0035448337614491375
0.007750099383276462
0.0013634973598197642
0.00413757753785139
4.082301961861578E-4
0.007773877471573033
0.0028581713768650054
0.004303911291174266
0.00312037771847673
0.00575901652345689
0.005666617087874689
0.0066934276288144025
0.005586852559062452
0.002402039968998442
0.005723874865296954
0.007619857293636928
0.007895726612371591
1.9695830907907406E-4
0.00897766308558746
0.003823661772631687
0.0018796435618736197
8.91189337200145E-4
0.003513373494045707
0.008780975562837284
0.006782985287800848
0.00849731251256737
8.797584487206951E-4
0.006491434779520242
0.007769430056977209
0.005029069532581162
0.0022322981285963885
0.0028252646714533995
0.004132061416915655
0.001147284534318288
0.008798366291039271
0.006631746643094382
0.008984303112379348
0.008690765473805696
1.3433451055059874E-4
0.0015772608140967412
0.008794545014861476
0.006920676363044596
0.002470521574667583
0.00837276149281949
0.0067683754997032546
0.005796827398241144
9.152563915757904E-4
0.0015673581397593597
0.007376471662073444
0.008217766059854466
0.006743088770682982
0.008515757527047304
0.003205722287311637
6.628528917028381E-4
0.0011148212314009633
0.001605695814174976
0.006750750238144932
9.617555704263268E-4
0.004275886037962108
0.003076023234199184
0.0019848855397751244
0.008784853580656846
0.003054442042306168
0.008011958348623407
0.008779774840756751
0.0065777863489744895
0.004696977209555745
0.0018808924664355507
0.06365613975080875
